11 5
         0.696624415849607       -0.0824944253709554         0.739363123604474         -0.19769822597415         -2.05181629991115
         0.835088165072682         -1.93302291785099          1.71188778298155          -1.2078454852598        -0.353849997774433
        -0.243715140377952        -0.438966153934773        -0.194123535758265          2.90800803072936        -0.823586525156853
         0.215670086403744         -1.79467884145512         -2.13835526943994         0.825218894228491          -1.5770570227992
         -1.16584393148205         0.840375529753905        -0.839588747336614          1.37897197791661         0.507974650905946
         -1.14795277889859         -0.88803208232901          1.35459432800464         -1.05818025798736         0.281984063670556
         0.104874716016494         0.100092833139322         -1.07215528838425        -0.468615581100624        0.0334798822444514
         0.722254032225002        -0.544528929990548         0.960953869740567        -0.272469409250187         -1.33367794342811
          2.58549125261624         0.303520794649354         0.124049800003193          1.09842461788862          1.12749227834159
        -0.666890670701386        -0.600326562133734          1.43669662271894        -0.277871932787639         0.350179410603312
          0.18733102457894         0.489965321173948         -1.96089999936503         0.701541458163284        -0.299066030332982
