11 5
         0.888395631757642        -0.241447041607358         -1.21411704361541          1.10061021788087        -0.764849236567874
         -1.14707010696915         0.319206739165502         -1.11350074148676          1.54421189550395         -1.40226896933876
         -1.06887045816803         0.312858596637428      -0.00684932810334806        0.0859311331754255          -1.4223759250915
        -0.809498694424876        -0.864879917324456          1.53263030828475         -1.49159031063761         0.488193909859941
          -2.9442841619949       -0.0300512961962686        -0.769665913753682        -0.742301837259857        -0.177375156618825
           1.4383802928151        -0.164879019209038         0.371378812760058         -1.06158173331999        -0.196053487807333
         0.325190539456198         0.627707287528727        -0.225584402271252          2.35045722400204          1.41931015064255
        -0.754928319169703          1.09326566903948          1.11735613881447        -0.615601881466894         0.291584373984183
          1.37029854009523           1.1092732976144         -1.08906429505224         0.748076783703985         0.197811053464361
          -1.7115164188537        -0.863652821988714        0.0325574641649735        -0.192418510588264          1.58769908997406
        -0.102242446085491        0.0773590911304249         0.552527021112224         0.888610425420721        -0.804465956349547
