11 4
        -0.192418510588264         0.888610425420721        -0.764849236567874         -1.40226896933876          -1.4223759250915         0.488193909859941        -0.177375156618825        -0.196053487807333          1.41931015064255          0.291584373984183         0.197811053464361
          15.8769908997406         -6.66890670701386         -6.00326562133734          14.3669662271894
         -8.04465956349547           1.8733102457894          4.89965321173948         -19.6089999936503
          6.96624415849607        -0.824944253709554          7.39363123604474          -1.9769822597415
          8.35088165072682         -19.3302291785099          17.1188778298155          -12.078454852598
         -2.43715140377952         -4.38966153934773         -1.94123535758265          29.0800803072936
          2.15670086403744         -17.9467884145512         -21.3835526943994          8.25218894228491
         -11.6584393148205          8.40375529753905         -8.39588747336614          13.7897197791661
         -11.4795277889859          -8.8803208232901          13.5459432800464         -10.5818025798736
          1.04874716016494          1.00092833139322         -10.7215528838425         -4.68615581100624
          7.22254032225002         -5.44528929990548          9.60953869740567         -2.72469409250187
          25.8549125261624          3.03520794649354          1.24049800003193          10.9842461788862
