5 11
        4734.8599296532          288.126835726463          1864.56361430373          3010.36101941916          228.936640350745
        288.126835726463          1527.21200438232           650.17819791746          1443.48125177209          927.481868523788
        1864.56361430373           650.17819791746          3411.24607049109          712.728433114132           863.11767697711
        3010.36101941916          1443.48125177209          712.728433114132          6073.89213768347          879.584369665414
        228.936640350745          927.481868523788           863.11767697711          879.584369665414          1917.45255461798
          3983.62846165994           11706.086600356          17013.3465427496          14049.3344567698         -13826.2115948035          20388.7625141404         -13147.2350348688                   -10065.0007461934         -1818.43218459334         -11769.2333071496         -15941.8372026681
          8839.69890234671          4758.60587278343         -5097.11712767427          10341.2153956971          2444.74675589888          9239.32448688937         -4164.11219699434                    645.167423111044         -9395.34765941492         -9905.32220484176          1102.18849223381
          1802.57693987047           14122.326864445         -28.5496014432121          2915.70288770806          8084.38803167691          2669.17446595828          12246.8782478534                    6002.91949185784         -375.331888191716          -11730.323272674           7870.6667635798
           5508.5452205747          226.084843095981          9198.67079806395         -7776.98538311603             2130.41698417          6416.61506421779         -435.842055463326                   -13615.1495486457         -18963.0449362245         -17254.2778952869         -22.2678631383613
          6829.64276111937         -478.694102202059          1498.08732632761          5666.96097539305          8796.77164233489          4254.85355625296          5824.23277447969                    3475.92631960065         -21279.7676818267          2882.28089665011          931.087600588035
