5 11 4
    1.8733    8.4038   -6.0033  -21.3836    1.2405   29.0801   -2.7247   -3.5385    0.3348    0.2289   -9.7921
   -0.8249   -8.8803    4.8997   -8.3959   14.3670    8.2522   10.9842   -8.2359  -13.3368   -2.6200  -11.5640
  -19.3302    1.0009    7.3936   13.5459  -19.6090   13.7897   -2.7787  -15.7706   11.2749  -17.5021   -5.3356
   -4.3897   -5.4453   17.1189  -10.7216   -1.9770  -10.5818    7.0154    5.0797    3.5018   -2.8565  -20.0264
  -17.9468    3.0352   -1.9412    9.6095  -12.0785   -4.6862  -20.5182    2.8198   -2.9907   -8.3137    9.6423
    5.2006   -8.4793  -14.4910   -3.3489
   -0.2003  -11.2013    3.3351    5.5278
   -0.3477   25.2600    3.9135   10.3909
   -7.9816   16.5550    4.5168  -11.1764
   10.1869    3.0754   -1.3028   12.6066
   -1.3322  -12.5712    1.8369    6.6014
   -7.1453   -8.6547   -4.7615   -0.6787
   13.5139   -1.7653    8.6202   -1.9522
   -2.2477    7.9142  -13.6169   -2.1761
   -5.8903  -13.3200    4.5503   -3.0311
   -2.9375  -23.2987   -8.4871    0.2305
