5 11 4
    0.5129    6.2519    1.3517   -1.4605   -7.1200   -2.4902  -15.0616    4.4342   -5.0782   12.4245    1.8245
    8.2606    1.8323    5.1525   -5.3201  -11.7421  -10.6421   -4.4463    3.9189   -3.2058  -10.6670  -15.6506
   15.2698  -10.2977    2.6141   16.8210   -1.9224   16.0346   -1.5594  -12.5068    0.1247    9.3373   -0.8454
    4.6691    9.4922   -9.4149   -8.7573   -2.7407   12.3468    2.7607   -9.4796  -30.2918    3.5032   16.0395
   -2.0971    3.0706   -1.6234   -4.8382   15.3007   -2.2963   -2.6116   -7.4111   -4.5701   -0.2901    0.9835
    0.4137   10.0006   10.8263    3.5020
   -7.3417  -16.6416   10.0608   12.5025
   -0.3081   -5.9003   -6.5091    9.2979
    2.3235   -2.7806    2.5706    2.3976
    4.2639    4.2272   -9.4438   -6.9036
   -3.7281  -16.7020  -13.2179   -6.5155
   -2.3645    4.7163    9.2483   11.9210
   20.2369  -12.1285    0.0005  -16.1183
  -22.5835    0.6619   -0.5492   -0.2446
   22.2945    6.5236    9.1113  -19.4885
    3.3756    3.2706    5.9458   10.2050

