50 11 5 3
12156 15569 13402 63215 65193
9929 28462 4120 13160 28092
59429 1643 40789 39203 17521
65061 17607 45091 5486 30996
25565 64236 19451 35679 10542
54186 20493 37458 55454 10414
62526 37471 20724 2668 17587
58579 40086 53052 21585 49619
55117 59084 23954 46488 39923
44780 25955 45796 56382 63369
11259 45402 41513 32827 50681
0.572864576286178 0.106785749855255 0.71368094189454
0.450223504237578 0.734893629307165 0.360486200417661
0.287057077700738 0.354592025606987 0.718459525105082
0.752386592401845 0.58063359968943 0.995323733027603
0.0943581612914803 0.298855434035719 0.0837001049906664
30685 8845 12700 64769 410 26225 17393 47732 58047 34105 49761
6148 4255 29360 31046 11236 39186 51901 53521 19369 4987 21291
47525 44070 40489 48947 19894 59738 61399 7617 19358 26625 34199
59772 31602 38943 43907 48790 8716 37242 32019 59447 28195 62383
5664 32468 43639 52140 38070 2764 61475 22771 32302 43209 43843
34076 20545 17543 17862 45955 26283 39142 50718 13576 14313 31007
36218 21201 27779 18607 52735 39041 64747 18697 1693 5315 42558
44902 59579 52385 47007 55836 60273 49962 54028 11155 30650 43624
19639 29514 61101 12101 7715 19253 12165 11342 19815 47755 15083
39445 49063 30784 54638 43075 35720 33868 56600 63009 40239 52750
13010 12141 20074 11120 49346 51229 41954 60690 51358 59022 32951
43042 5566 28795 62474 46015 21457 56948 12525 44123 16567 28445
45768 13568 20111 47353 39658 6244 39330 3300 55098 14425 46468
30126 36630 18024 8799 2508 28947 65515 35944 27582 15454 36390
10333 43366 9093 55909 12790 1906 8466 624 46121 53093 16712
27643 61553 10915 61060 21672 44263 19227 54288 31542 46034 4929
39064 2638 32372 36975 42129 7314 31253 59543 53778 57574 38608
21125 10726 5675 26138 14248 13084 8493 46223 28665 46597 44188
54443 28713 60742 28941 5041 34745 14951 15947 56360 43325 38537
8041 21343 9731 45986 64264 41115 11867 38616 584 28809 34977
16462 5894 10518 17043 13551 24485 44042 61532 65276 36884 30974
61448 53106 47037 1870 64439 39745 21351 58688 18036 64902 21222
42940 26186 44230 62126 40002 55469 51812 39730 2197 62739 28246
49343 42947 23496 65285 16252 46003 35784 51930 9969 22074 50129
53141 37149 5929 51085 33945 25748 15110 54800 31431 10188 65305
3174 205 541 64842 46717 37478 45008 36710 58252 27334 17369
27179 42687 24431 31953 17031 16370 3217 46 18575 36339 51909
47546 20782 51663 8388 7517 47668 37526 16468 51389 1950 8822
9113 17429 29314 30433 36024 22501 65128 28309 11167 56801 2329
41456 30176 6530 48667 14346 5154 23788 28224 47927 58617 29750
16177 40840 52811 44132 20459 19808 36617 57360 16163 32584 36896
55049 52551 43219 57278 63776 19688 60771 4433 5364 13716 15132
54833 36777 29647 49693 20264 1522 17032 22277 55897 47291 9488
29693 1626 34955 40448 62014 11542 54558 11604 44994 45857 44375
25871 52006 34516 18011 26907 56422 11478 16125 62791 30196 23205
63020 17898 41267 22045 678 42989 57662 47699 64557 11180 33455
536 53931 42374 54770 20321 56135 18327 18888 35044 52060 45529
26113 45126 12572 25290 10172 17757 55672 15555 59375 58229 39014
31967 39578 52543 5266 65149 58717 52869 9153 31238 9340 33169
40511 25360 12883 56727 29507 13684 12395 14466 58306 61583 50883
4589 4295 26955 28533 35732 63188 64131 53579 1564 18 44906
9352 65444 15447 11278 17193 27156 16629 24788 8437 28758 20939
42876 43323 17840 282 57839 15045 51023 43616 48539 732 54536
14308 15020 569 42763 6755 53633 53136 61330 25626 15370 43308
7808 6046 60836 24228 53974 23623 32634 27950 25797 46333 38475
2828 15793 34094 24649 27996 32868 60013 39660 39443 45493 1251
10851 59151 30417 28924 60316 49000 6619 63543 1566 17375 54851
33496 14245 34311 33825 34604 54517 8902 23898 25407 21403 7471
56838 31427 22074 19669 57072 25853 56251 43546 3719 6111 55078
50218 59588 21783 31348 23122 6334 1223 20628 45192 2727 22119
