50 11 5 3
28144 35513 8150 48039 37204
52022 14559 33691 2602 20264
9278 59343 25396 52536 48965
39853 24481 64135 26635 22064
60990 5166 19125 54396 57892
41710 2028 38820 63638 21867
3131 41085 37445 27688 52168
45767 61408 40361 3533 52743
16850 20968 36761 51580 3293
45279 48836 18341 41293 26379
23802 18936 9952 33346 63255
0.414375943507169 0.538409743181206 0.494534859776397
0.330523570628246 0.741670446331037 0.948157534812833
0.636372354340482 0.739720607113103 0.797788189494096
0.858025370209453 0.44479460682372 0.133044583459622
0.788283984026919 0.850409858251714 0.23776975438524
8371 7599 17988 16167 52574 44776 2838 56786 22549 17755 5340
35005 8780 38434 44320 44009 45181 11814 64258 8423 4342 39946
3716 62032 25989 49762 13129 34792 13138 21408 41756 21856 35696
30709 32273 12217 38417 956 12377 47144 14393 48922 3271 56094
64402 49035 25744 53900 50015 32311 29024 33963 52774 6640 42120
44711 20378 10132 60742 37193 36671 55411 23135 17631 4711 17802
57076 505 54546 41784 42875 54283 25546 56327 28442 59279 6997
32520 40346 9815 1242 41599 13296 54890 17041 26333 20434 3966
18853 23434 44535 12081 48126 34587 49049 55295 39856 38783 40756
11995 42522 49158 1753 58152 52941 38264 38195 50469 24749 45815
62995 55442 976 61277 43642 23273 10524 47147 61678 62362 18019
49563 6643 9323 31751 7909 35898 34659 22514 8616 48654 27655
62283 38555 2010 52088 46776 47019 30322 608 16760 58137 23975
43993 38167 52999 29940 29310 13272 24874 12613 24793 39250 5385
12194 34197 3090 32389 42008 42190 6110 33253 65126 45196 4573
18996 29793 43659 27900 42527 6 16984 1589 22345 25633 7923
3815 63354 29887 58444 44459 33632 22010 36048 58954 14633 44424
2888 11948 52626 57298 3856 37345 24584 18101 15564 8603 14349
18322 36661 23491 41495 14678 462 9586 45629 14418 11304 15551
11172 41057 1661 19155 11009 58490 20760 57761 64952 61512 566
44375 1975 14326 19116 60853 54605 18431 1618 62332 2260 47652
59141 42093 46591 16090 33767 50802 53748 22362 41827 57643 36768
23068 54930 35975 46161 44130 51652 22420 27618 33039 34232 36175
6564 25896 56997 50765 43765 24487 57148 5244 23470 52970 48645
51971 28662 48421 53914 5339 9982 17566 5201 50362 29333 54044
30700 5563 6766 52835 14751 23086 50819 4744 51405 22711 25782
45046 38102 63664 16632 18625 42278 39926 59005 1896 49621 8910
44767 57127 48413 52462 59885 61076 1178 63525 3437 23607 12829
27620 13560 909 41269 15015 6116 45975 25645 21196 36478 47206
43211 6201 44507 15172 16294 48417 1033 20552 52409 58244 43886
41513 12318 31818 24975 44322 3623 44820 36262 41303 55061 3923
34416 43768 2276 29702 42500 49622 57535 51908 64409 15993 25184
12536 48000 7500 32805 46117 30376 28299 52319 10372 28549 32194
33549 41354 5022 35427 54861 2950 41376 56575 40415 54301 50736
49043 30685 39835 22620 47665 55184 38407 52296 20233 10008 9687
27514 20603 15301 19100 1274 10795 14904 418 5576 49674 31820
48332 42040 9307 46107 38257 7542 51424 60287 57464 57443 4708
44989 36833 34746 61216 60351 17798 18851 1178 38713 32908 51606
62635 43498 60969 38940 6009 20604 60580 1928 19866 37374 25804
20179 8184 40430 38869 36344 39721 19561 46626 11015 55803 15478
22434 44174 45213 48414 61002 44399 35148 35286 22275 64530 5281
25365 44585 15364 24422 13072 64727 21866 34380 4421 51788 5178
1716 60957 13556 29706 34428 65095 15552 32915 42828 22983 60780
41521 54318 2449 33383 8306 49646 35733 4304 16010 32893 13417
37045 11672 43475 60864 49069 18027 7058 15076 49671 16726 62691
23955 62210 33244 29543 20623 62523 8989 7671 19597 33415 22266
27621 13083 31838 41775 12267 26941 6189 64866 27448 5153 62913
30291 14266 56473 30105 64252 14197 20375 4622 3660 3664 22489
20608 559 63276 36293 46716 41231 53257 3934 2023 41615 4157
14789 19702 49787 2703 54110 975 33657 43358 12228 40430 40140
