5 4
         -109.224451734164          108.902677060434          120.325198868524          61.3385212333465         -9.21207484997504
         -22.5794451802544          178.487471162139          52.2017729698728          168.285053633205           -24.40549379654
         -40.4921776549187         -30.3754520119611          39.7046092297073          56.8393573839513         -21.9188663046641
          52.7859215419956        -0.869663149373813          -48.281084031905          -120.60292542489         -87.9766716388638
         -100.696286411518          50.6635026535164         -23.1497194486117           43.306038896324         -32.0804325089082
         -78.4415293755632         -15.2611479624619         -28.6673862460466         -171.359529882238
         -36.4962527939069          3.36882198635355           59.801571425122         -23.7127260967104
          11.7270572393548          45.8282205499795          -24.553267535311         -61.9625814831921
          17.4339688771479           128.16312208808         -178.073717512705         -72.0160379657291
         -21.5656413043175          62.0090051558262         -234.723922894497          4.06571736321824
